>
120.9165968	24.53169711
120.9182959	24.53538176
120.9201082	24.53968897
120.9213544	24.54238756
120.9224736	24.54497049
120.9232685	24.54615615
120.924418	24.54813273
120.925887	24.55084683
120.9272501	24.55350976
120.9281347	24.55509112
120.9297406	24.55754158
120.9312141	24.56024019
120.9331412	24.56330216
120.9354745	24.56750321
120.9374494	24.5699969
120.9393772	24.57233243
120.9415884	24.57539441
120.9428925	24.57715897
120.9437743	24.57848668
120.9454443	24.58048044
120.9468649	24.58259555
120.9477508	24.58433508
120.9489031	24.58603308
120.949867	24.58769371
120.9518518	24.59049602
120.9534396	24.59340194
120.9544696	24.5946099
120.9562755	24.59713832
120.9591525	24.60108947
120.9607563	24.60383251
120.9627985	24.60632335
120.9639329	24.60855461
120.9651807	24.61083771
120.9675552	24.6142886
120.9689249	24.61664945
120.9709675	24.61934776
>	
120.4173891	23.55442307
120.4186321	23.55454241
120.419853	23.55466979
120.4210565	23.55480341
120.4222475	23.55494159
120.4234312	23.55508243
120.4246123	23.55522417
120.425796	23.5553649
120.4269871	23.55550304
120.4281906	23.55563661
120.4294113	23.55576391
120.4306544	23.55588316
120.4317098	23.55593912
120.4328551	23.55603099
120.434077	23.5561532
120.4353613	23.55630029
120.4366946	23.55646695
120.438063	23.55664746
120.4394528	23.55683652
120.4408502	23.55702867
120.4420783	23.55719699
120.4432919	23.55737409
120.4444968	23.55755649
120.445699	23.55774058
120.4469039	23.55792286
120.4481176	23.55809993
120.4493457	23.55826828
120.4505292	23.55844369
120.451704	23.55855901
120.4528835	23.55863568
120.4540809	23.55869515
120.4553095	23.5587587
120.4565826	23.55884796
120.4580062	23.55900256
120.4594605	23.55918553
120.4609148	23.55936849
120.4623384	23.55952305
>	
120.4536764	23.55873699
120.4545871	23.55955205
120.4554978	23.56035022
120.4564087	23.56114007
120.4573195	23.56192982
120.4582303	23.56272797
120.459141	23.56354301
120.4601914	23.56449281
120.4612301	23.56531938
120.4622571	23.56602281
120.4632725	23.56660293
120.4642761	23.56705992
120.4652681	23.56739368
120.466665	23.56782671
120.4680618	23.56825983
120.4694587	23.56869293
120.4708556	23.56912601
120.4721632	23.56965442
120.4734314	23.57018278
120.4746864	23.57071107
120.4759547	23.57123941
120.4772623	23.57176786
120.478433	23.57214133
120.4796342	23.57251481
120.4808505	23.57288841
120.4820669	23.57326201
120.4832681	23.57363545
120.4844388	23.57400888
120.4856984	23.57451697
120.486958	23.57502495
120.4882176	23.57553302
120.4894772	23.57604108
120.490717	23.57654626
120.4919418	23.57702348
120.4931468	23.57746414
120.4943276	23.57785992
120.4954797	23.57820232
120.4965985	23.57848292
120.4978075	23.57890974
120.4990037	23.57931285
120.5001891	23.57969587
120.5013656	23.58006232
120.5025352	23.58041592
120.5036999	23.58076028
120.5048614	23.58109894
120.506022	23.58143569
120.507359	23.5818027
120.5086961	23.5821697
120.5100331	23.58253668
120.5113702	23.58290375
120.5127072	23.58327071
120.5133648	23.58347434
120.5140222	23.58367796
120.5146797	23.58388149
120.5158853	23.58421
120.5170909	23.5845385
120.5182966	23.58486699
120.5195022	23.58519546
120.5207078	23.58552384
120.5219134	23.5858523
120.523119	23.58618075
120.5243246	23.58650911
120.5255302	23.58683754
120.526704	23.58716839
120.5278652	23.58748475
120.5290173	23.5877906
120.5301641	23.58809028
120.531309	23.58838787
120.5324558	23.58868744
120.533608	23.58899335
120.5347691	23.58930956
120.535943	23.58964035
120.5370841	23.58992452
120.5382341	23.59021882
120.539391	23.59052118
120.5405528	23.59082913
120.5417177	23.59114061
120.5428835	23.59145308
120.5440483	23.59176454
120.5452102	23.59207247
120.5463671	23.59237477
120.5471902	23.59258534
>	
120.5991036	23.52644066
120.5978939	23.52426691
120.5974272	23.52292715
120.5971558	23.52184114
120.5968087	23.51988667
120.596225	23.51829336
120.5964782	23.51565073
120.5964822	23.51409571
120.5963974	23.51322899
120.5961306	23.51202273
120.595933	23.51112951
120.5956067	23.5104219
120.5949747	23.50905122
120.5942599	23.50745333
120.5938445	23.50652208
120.5936254	23.50451427
120.5937602	23.50193904
120.5937413	23.50046137
120.5932518	23.49926063
120.5928625	23.49785301
120.5927177	23.49694514
120.5924844	23.49455134
120.5923803	23.49272996
120.59225	23.49050382
120.5923099	23.48885992
120.5922318	23.48749388
120.5923214	23.48511655
120.5920533	23.48311769
120.5918963	23.48068913
120.5918438	23.47993019
120.5918193	23.47896899
120.5917685	23.47765361
120.5914444	23.47605928
120.5912131	23.47503734
120.5910123	23.47388293
120.5906035	23.47307248
120.5901401	23.472186
120.5897716	23.47131341
120.5895413	23.470768
120.5891058	23.46973806
120.588635	23.46848359
120.5885732	23.4672906
120.5890527	23.46573665
120.5898124	23.46354927
120.5906529	23.46119407
120.5916272	23.4588733
120.592146	23.45735473
120.5930462	23.45513242
120.5939951	23.45242583
120.5946302	23.45051372
120.5955451	23.44858084
120.5958614	23.44802258
120.5970531	23.44702578
120.5976964	23.44625333
120.5983635	23.44529817
120.5987621	23.44450359
120.5988569	23.44397701
120.5988821	23.44336424
120.5988493	23.44263306
120.5987111	23.44171987
120.5985867	23.44115937
120.5984073	23.44068457
120.5982908	23.44037641
120.5980358	23.43990251
120.5977288	23.43933204
>	
120.5974941	23.43905622
120.5977288	23.43933204
>	
120.5073553	23.32100682
120.507455	23.32220329
120.5074499	23.32356934
120.5073811	23.3247966
120.5073118	23.32614265
120.5073049	23.32802344
120.5072565	23.32950814
120.507275	23.33031992
120.5074013	23.33093405
120.5076346	23.33162772
120.5079327	23.332183
120.5085305	23.33287781
120.5094062	23.33377146
120.5108806	23.33514214
120.511714	23.33589706
120.5125044	23.33667165
120.5133381	23.33736717
120.5141597	23.3380355
120.5151785	23.33925647
120.5161518	23.34049829
120.5170577	23.34150894
120.517895	23.34262435
120.5182244	23.34317851
120.5184827	23.34361301
120.5191609	23.34472792
120.5196572	23.34582128
120.5201539	23.34683065
120.5208317	23.34805054
120.5218269	23.34956535
120.5223028	23.35002873
120.5242941	23.35280637
120.5262002	23.35398797
120.5290148	23.35550824
120.5313779	23.35610324
120.5345383	23.35765281
120.5351297	23.35777722
120.5373521	23.35837314
120.5384152	23.3586263
120.5396711	23.35904076
120.5405792	23.35932917
120.5424521	23.36035261
120.5438232	23.36103525
120.5458308	23.36223763
120.5477412	23.3636183
120.5498243	23.36544592
120.5510191	23.36678876
120.5523857	23.36884645
120.5531748	23.37006311
120.5541557	23.37178036
120.5546359	23.37279968
120.5553263	23.37462326
120.555575	23.37513483
120.5560855	23.37651956
120.55725	23.37838163
120.5581824	23.37963786
120.5589296	23.38024515
120.5599098	23.38124214
120.560125	23.38167137
120.5608868	23.38319011
120.5619583	23.38487898
120.5637309	23.38700208
120.5654559	23.38938438
120.5663194	23.39031102
120.567556	23.39163802
120.5694688	23.39393434
120.57082	23.39609942
120.5720769	23.39848037
120.5728677	23.40016839
120.5741735	23.40190105
120.5750129	23.40307047
120.5758979	23.40458582
120.5764549	23.40618674
120.577012	23.40774443
120.5777565	23.40930262
120.5789218	23.41107808
120.5793875	23.41194388
120.5795708	23.41324119
120.5796601	23.4146247
120.5798902	23.41592213
120.580356	23.4167447
120.5811964	23.4176115
120.5819881	23.41908335
120.5827808	23.4202526
120.5837589	23.42202752
120.5846923	23.42315391
120.5853914	23.42427968
120.5861366	23.42566492
120.5867866	23.42756864
120.587157	23.42895289
120.5875283	23.43007777
120.5878076	23.43064047
120.5885079	23.4314204
120.5897695	23.4325044
120.5902825	23.4332406
120.590701	23.43427915
120.5915869	23.43562152
120.5928025	23.436446
120.5946272	23.43722884
120.596124	23.43801081
120.5965696	23.43837771
120.5977288	23.43933204
>	
120.3431256	23.06513783
120.3356869	23.06394581
120.3300053	23.06130712
120.3258977	23.05942726
>	
120.3258977	23.05942726
120.3251251	23.05907368
120.3231587	23.05812704
120.321408	23.05797911
120.3203878	23.05763826
120.3193667	23.0574967
120.3158688	23.05633756
120.3126626	23.05524716
120.31135	23.05503656
120.3093078	23.05481968
120.3065361	23.05453005
120.3009914	23.05428259
120.2980724	23.05432356
120.296541	23.05411096
120.2940637	23.05322589
120.2919509	23.05247678
>	
121.0595109	24.79162421
121.0583302	24.79149358
121.0545313	24.7910984
121.0524116	24.79076472
121.0512077	24.79059792
121.0498993	24.79047892
121.0488001	24.79031206
121.0483552	24.79019277
121.0480412	24.79014509
>	
121.0044263	24.7661859
121.0033386	24.76553441
120.9984225	24.76270462
120.9952165	24.75987473
120.9936136	24.75919161
120.9876294	24.75558077
120.9835689	24.75333604
120.9799361	24.75060336
120.9774787	24.74845624
120.9750214	24.74640667
120.9732053	24.74425959
120.9694662	24.74133147
120.9648937	24.73856895
120.959381	24.73503683
120.9592361	24.73454179
120.9565375	24.73255199
120.9533466	24.73051494
120.9492696	24.72833883
120.9482366	24.72806443
120.945289	24.72656772
120.9442594	24.72570899
120.9368592	24.72168853
120.9326552	24.71940427
120.9312687	24.7186509
120.9282619	24.71629946
120.9253867	24.71430763
>	
120.7841694	24.40619231
120.7836883	24.40675445
120.7822189	24.40855808
120.780903	24.4092507
120.7770072	24.41058773
120.7725046	24.41192376
>	
120.7569875	24.40246034
120.7562921	24.4015218
120.7557651	24.40092989
120.7548581	24.39963883
120.7543615	24.3985365
120.7529856	24.39700288
120.751492	24.39568398
120.7500096	24.394124
120.7493628	24.39332254
120.748586	24.39218351
120.74765	24.39063835
120.7467145	24.38887267
120.7459471	24.38730573
120.7447483	24.38478985
120.744564	24.38442706
120.7434028	24.38214047
120.7398068	24.37631096
120.7373335	24.37113338
120.7360375	24.36866635
120.7357454	24.36787723
>	
120.7925211	23.88228741
120.7923563	23.88161576
120.7921611	23.88057752
120.7922669	23.87955568
120.7923539	23.87795693
120.7926028	23.87670445
120.7932914	23.87518607
120.7933556	23.8750088
120.7935801	23.87400399
120.7937806	23.87295256
120.794341	23.87085767
120.7948686	23.86952212
120.7950662	23.86852007
120.7949998	23.86721407
120.7954281	23.86530124
120.796087	23.86220425
120.7968124	23.86038292
120.7968447	23.85874292
120.7972561	23.85561526
120.797651	23.85294307
120.7976507	23.8519712
120.7979143	23.85087821
120.7978972	23.8493596
120.7984411	23.8479025
120.7991007	23.84693148
120.8001562	23.84577874
120.8008159	23.84492927
120.8013433	23.84371506
120.8020195	23.84295664
120.8037016	23.84107581
120.8072145	23.83819496
120.809705	23.83637576
120.8117831	23.83510273
120.8135973	23.83379893
120.8154114	23.83255596
120.8170928	23.8299156
120.8181808	23.82821614
120.8186251	23.82624248
120.818493	23.82618163
>	
120.818691	23.82618187
120.818821	23.82253743
120.8188192	23.81919653
120.8187522	23.81755648
120.8184869	23.81500492
120.8181551	23.81160295
120.8179566	23.81050937
>	
120.8180226	23.81050945
120.8167179	23.80759226
120.8152483	23.80479632
120.8135151	23.80224298
120.8115509	23.79950719
120.8100987	23.79780466
120.8068481	23.7951279
120.8033012	23.79299742
120.8007111	23.79129325
120.7984673	23.78955925
120.7983519	23.78952866
120.7959927	23.78755145
120.794112	23.78590889
120.7932043	23.78435874
120.7922966	23.78229229
120.7915701	23.78007418
120.7916189	23.77779634
120.7914364	23.77500191
120.7917973	23.76959625
120.7916971	23.76604271
120.7916137	23.76297504
120.7919919	23.75999912
120.7921229	23.75744811
120.7922539	23.75501857
120.7922863	23.75346967
120.7934063	23.75013025
>	
120.7908767	23.88972864
120.7914596	23.88877444
120.7921066	23.88734298
120.7924937	23.88591143
120.7925557	23.88418135
120.7924876	23.88245109
>	
120.7799868	23.98106007
120.7792691	23.97944873
120.7784209	23.97747941
120.7780921	23.9752121
120.7778691	23.97291741
120.7776672	23.97024717
120.7777572	23.96912662
120.7778421	23.96744536
120.7779302	23.96637402
120.7783944	23.96485802
120.7785278	23.96351918
120.7785894	23.96149084
120.7791706	23.95922421
120.7795854	23.95760672
120.7799456	23.95630143
120.7795527	23.95451139
120.778518	23.95271084
120.7767714	23.94959442
120.7757978	23.94702256
120.7757672	23.94448585
120.7761323	23.94300113
>	
120.7761547	23.94299467
120.7770601	23.94042996
120.7772578	23.93968903
120.7774466	23.93834222
120.7777732	23.93650842
120.7776348	23.93428545
120.7773004	23.93279953
120.7773341	23.93146451
120.7774976	23.92993019
120.7777241	23.92848157
120.7781877	23.92665239
120.7787599	23.92535065
120.7794375	23.92432359
120.7796189	23.92373605
120.7798327	23.92281317
120.7809229	23.91895526
120.7812428	23.91810025
120.7815276	23.916716
120.7813289	23.91597413
120.7811111	23.91495825
120.7807281	23.91084781
120.7800595	23.90767903
120.7793346	23.90390783
120.7793533	23.90213462
120.7795276	23.90123777
120.7801722	23.90034819
120.7815337	23.89898119
120.7829492	23.8976306
120.7849025	23.89606609
120.7859776	23.8950614
120.7879611	23.8939626
120.7888101	23.89343151
120.7895804	23.89267381
120.790062	23.89148126
120.7907473	23.89002683
>	
120.9210397	24.2789362
120.923039	24.28007423
120.9264123	24.28249901
>	
120.8340936	24.19291445
120.8328149	24.19180701
120.8295144	24.18950037
120.8274678	24.18834657
120.825553	24.18749592
120.8237042	24.18664533
120.8215912	24.18585501
120.8200064	24.18524709
120.8183611	24.18449
120.8181577	24.18439643
120.8152726	24.18285124
120.8129191	24.18149096
120.8105658	24.18001983
120.8086953	24.1788817
120.8068048	24.1774129
120.8052876	24.17595645
120.803903	24.17413653
120.8028494	24.17195339
120.8024274	24.17028601
120.8022603	24.16843754
120.8022648	24.1655285
120.8022022	24.16328604
120.8021404	24.16049812
120.8020769	24.1588617
120.8018146	24.15758866
120.8013539	24.15649716
120.8007611	24.1554661
120.7997059	24.15437383
120.7985186	24.15334198
120.7976615	24.15237116
120.7970025	24.15146121
120.7969687	24.15140421
120.7966808	24.14832903
120.7921258	24.13531668
120.7903846	24.13174391
120.7898625	24.12849211
120.789754	24.12763733
120.7893714	24.12514607
120.7893859	24.12387551
120.7891247	24.12205699
120.7891327	24.12068739
120.7894639	24.11925456
120.7892928	24.11699133
120.7894116	24.11663317
120.7901096	24.11384304
120.7903163	24.11308894
120.7915313	24.11139335
120.7930968	24.10890609
120.7943589	24.10660714
120.7955949	24.10449661
120.7960082	24.10298856
120.7963754	24.10149913
120.7966774	24.09883098
120.7967003	24.09738833
120.7969306	24.09465416
120.7974882	24.09279727
120.7977533	24.090695
120.7981671	24.08880974
120.7987823	24.08626444
120.7990408	24.08523704
120.7990614	24.08517106
120.7991604	24.08413405
120.7996555	24.0828523
120.7998469	24.08203205
120.800424	24.08075989
120.8006464	24.07968539
120.8008581	24.07895944
120.800812	24.0788558
120.8006255	24.07660177
120.8002912	24.07361228
120.8002635	24.07164146
120.7999459	24.0711413
120.7993015	24.06947147
120.799185	24.06836826
120.7991098	24.067293
120.7985333	24.06482199
120.7980184	24.06252976
120.7980195	24.06180372
120.7979714	24.05974808
120.7978028	24.05916341
120.7975668	24.05252486
120.7975713	24.04965835
120.7982685	24.04705645
120.7978833	24.04384997
120.7978317	24.04068195
120.7974252	24.0380411
120.7975249	24.03670203
120.7976204	24.03472197
120.7977616	24.03298741
120.7978007	24.03099761
>	
120.920691	24.27870345
120.9199479	24.27834911
120.9179498	24.27722317
120.9158226	24.27635068
120.9088441	24.27376475
120.9058545	24.27230721
120.9033051	24.27117148
120.9016249	24.27024398
120.8999067	24.26933379
120.8964701	24.26787699
120.893951	24.26705255
120.8897951	24.26544812
120.8874826	24.26405252
120.8857646	24.26314218
120.8845754	24.26229282
120.8835843	24.26168602
120.8819988	24.26059392
120.8800171	24.25901665
120.8788793	24.2583197
120.874411	24.25535075
120.8732794	24.25392041
120.8713642	24.25216127
120.8692835	24.2503467
120.8684595	24.24846192
120.8678663	24.24688568
120.8667096	24.24521813
120.8652924	24.24306534
120.8639062	24.24136718
120.8627548	24.23969636
120.860302	24.23358665
120.8594227	24.23136335
120.8593679	24.23032824
120.858095	24.22739694
120.8567249	24.22545092
120.8545419	24.22257109
120.8518439	24.21928404
120.848536	24.21589871
120.8458761	24.21265726
120.8431733	24.20796592
120.841711	24.2054616
120.8401502	24.20297567
120.837123	24.19843026
120.8341641	24.19281135
>	
120.7329967	24.32133351
120.7318339	24.32041948
120.7290644	24.31831895
120.72714	24.31717068
120.7250662	24.31654601
120.7227386	24.31580443
120.7210037	24.31514152
120.7196711	24.31451814
120.7172601	24.31321362
120.7147011	24.31181175
120.7113606	24.3096128
120.7090357	24.3077844
120.7063389	24.30595016
120.7032545	24.30403983
120.7004501	24.30254174
120.6979657	24.30119083
120.6957175	24.30003697
120.6948182	24.29956362
120.6937901	24.2992079
120.6924403	24.29885152
120.6899334	24.29834541
120.677888	24.29522441
120.6742847	24.29426321
120.6715145	24.29361729
120.670415	24.29334341
120.6694103	24.29290092
120.6682395	24.29216181
120.6630331	24.28916788
120.6572328	24.28595276
120.6541764	24.28414827
120.6525043	24.28339913
120.6500679	24.28229746
120.6475351	24.28150244
120.6399843	24.27920491
120.6360189	24.27761712
120.632517	24.27618875
120.6291975	24.27504594
120.6247063	24.27354182
120.6196941	24.27203626
120.6154621	24.27107003
120.6112947	24.27034275
>	
120.7479594	24.38313833
120.7471795	24.38145209
120.7465929	24.38022842
>	
120.741083	24.36937708
120.7398534	24.36734288
>	
120.7055147	23.97214884
120.7050674	23.97439633
120.7048278	23.97602118
120.7045009	23.97715827
120.7044088	23.97878341
120.7048632	23.97990846
120.7050367	23.98137158
120.7049154	23.9828883
120.7047939	23.98443212
120.7049667	23.98622029
120.7051219	23.98926805
120.7051192	23.99045994
120.7050852	23.99243734
120.7050509	23.99457727
120.7050751	23.99690692
120.7051314	23.99804475
120.7054513	24.00002282
120.7057737	24.00086319
120.7064487	24.00230017
120.7066233	24.00332987
120.7067976	24.00446792
120.7068531	24.00598498
120.7070394	24.00835557
120.7070573	24.00845268
120.7072725	24.00962918
120.7075353	24.01076739
120.7078723	24.01170259
120.7085186	24.01281445
120.7091057	24.01398037
120.7091393	24.01414316
120.7093683	24.01525402
120.7095131	24.01644619
>	
120.6909652	23.72889718
120.6916169	23.72702931
120.6922103	23.72497169
120.6927424	23.72391626
120.6933626	23.72294227
120.6940414	23.72204967
120.6946908	23.721157
120.6952516	23.7203996
120.6954968	23.71983875
>	
120.7012558	23.8061806
120.7009352	23.80624996
120.7002336	23.80628472
120.6999227	23.80637893
120.6994031	23.80648627
120.6991821	23.80660549
120.6989612	23.80673599
120.698532	23.80702184
120.6984275	23.80727221
120.698414	23.80754759
120.6985041	23.80784575
120.6985278	23.80883681
120.6984484	23.80902853
120.6984223	23.80912329
120.6983829	23.8093151
120.6983817	23.80982753
120.6984191	23.81049806
120.6981464	23.81090387
120.6982722	23.81224051
120.6984924	23.81288656
120.6989452	23.81365272
120.6991392	23.8139872
120.6996435	23.81490921
120.6996559	23.8151124
120.6996556	23.81522979
120.6997203	23.81537439
120.7000927	23.81574082
120.7003797	23.81613868
120.700534	23.81679589
120.700455	23.81724948
120.7004681	23.81764456
120.7008301	23.81833829
120.7009449	23.81883966
120.7009836	23.81897067
120.700957	23.81917378
120.7013715	23.81967799
120.7016164	23.82039407
120.7018881	23.82082577
120.702187	23.82118527
120.7022461	23.82372951
120.702409	23.8259263
120.7021853	23.82716745
120.7019255	23.82789609
120.7013897	23.82874385
120.7012197	23.82922209
120.7012168	23.82984288
120.7018094	23.83259131
120.7017688	23.83309464
120.7013255	23.8337981
120.7013536	23.83436702
120.7018234	23.83499098
120.7022641	23.83545234
120.7022462	23.83610922
120.7015401	23.83673542
120.7013744	23.83696761
120.701259	23.83712992
120.700967	23.83748603
120.7008491	23.8379418
120.7006409	23.83810844
120.7000036	23.83856095
120.6979128	23.83996098
120.6972755	23.84032994
120.6964037	23.84102126
120.6961564	23.84133229
120.6959859	23.84202498
120.6960364	23.84266845
120.696125	23.84360094
120.6961623	23.84433016
120.6961429	23.84565974
120.6960248	23.84761443
120.6959321	23.84837951
120.69567	23.84938129
120.6955265	23.84963158
120.6954609	23.84993168
120.6959126	23.85112675
120.6959988	23.85220596
120.6964125	23.85260183
120.6970353	23.85286491
120.6971906	23.85311579
120.697086	23.85334359
120.6964617	23.85373515
120.6962268	23.85421326
120.6961769	23.85474591
120.6965608	23.85585054
120.697202	23.85625588
120.6975725	23.85645075
120.6991293	23.8572168
120.7004009	23.85777009
120.7006502	23.85807533
120.7007399	23.85866243
120.7007001	23.85900774
120.7006207	23.85966449
120.7003987	23.86019003
120.7001248	23.86067936
120.6998383	23.86098807
120.6993961	23.86122649
120.6990309	23.8619188
120.6990795	23.86191213
120.6984303	23.86222238
120.6982215	23.86262831
120.6982468	23.86295117
120.698496	23.86309161
120.6996444	23.86325639
120.7002303	23.86349456
120.7004271	23.86377938
120.700478	23.86420839
120.7001124	23.86506775
120.6999944	23.86593211
120.7000181	23.86652585
120.6998349	23.86709888
120.7001319	23.86787601
120.700897	23.86838993
120.7012075	23.86891651
120.7012292	23.86894763
>	
120.7011302	23.8086387
120.7013871	23.80754209
120.701828	23.8071953
120.7026867	23.80663485
120.7033512	23.80599277
120.7036381	23.80546733
120.7043667	23.80475087
120.7048092	23.80431152
120.7052769	23.80370065
120.7052645	23.80349746
120.7052664	23.80308209
120.7050088	23.80214928
120.7051007	23.80167088
120.7052835	23.80124232
120.7051475	23.80052419
120.704772	23.80013294
120.7044283	23.79957018
120.7040717	23.79884712
120.7039609	23.79822837
120.7039472	23.79736149
120.7042779	23.79669844
120.704812	23.79629538
120.7047498	23.796065
120.7043279	23.79540051
120.7039524	23.79508149
120.7034038	23.7950082
120.7027534	23.79482184
120.7019228	23.79428071
120.7012093	23.7940423
120.7007175	23.79377948
120.7001216	23.79327492
120.6999938	23.7924033
120.7002949	23.79125711
120.7008824	23.78981349
120.7012741	23.78882324
120.7016871	23.78817615
120.7023403	23.78770109
120.7024069	23.78736712
120.702245	23.78651801
120.7021901	23.78567137
120.7023218	23.7848454
120.7022718	23.78401005
120.7020783	23.78343629
120.7017951	23.78196615
120.7017975	23.78133407
120.7020979	23.78056938
120.7025408	23.77986591
120.702893	23.77910132
120.7028553	23.77856398
120.7026224	23.77822943
120.7023495	23.77795349
120.701339	23.77707791
120.7005374	23.77612372
120.6998516	23.77520136
120.6995467	23.77445581
120.6994386	23.77371967
120.6997712	23.77221912
120.7005367	23.77073521
120.7006938	23.76973095
120.7008125	23.76929098
120.7012216	23.76865969
120.7013601	23.76825136
120.7013743	23.76773895
120.7013834	23.76622648
120.7015968	23.76554966
120.7021027	23.76495016
120.7021628	23.76440849
120.7017476	23.76395168
120.7009674	23.76333389
120.7004368	23.76291072
120.6985205	23.76115071
120.6968409	23.75949949
120.6960796	23.75852277
120.6951988	23.7576
120.6948445	23.7570214
120.6947007	23.75662832
120.6947017	23.75619038
120.6949231	23.75564225
120.6951762	23.75464722
120.6949725	23.7536716
120.6951947	23.75159971
120.695273	23.75099035
120.695212	23.74930617
120.694968	23.74863749
120.6946578	23.74807477
120.6944251	23.74770409
120.6941392	23.74740329
120.6933873	23.74709253
120.6929002	23.74627211
120.691977	23.74523636
120.6916383	23.74477968
120.6909051	23.74372173
120.6896149	23.74174162
120.6895285	23.74092877
120.6898837	23.74008971
120.6903858	23.73930512
120.6906522	23.73862842
120.6906542	23.73781574
120.6905698	23.73706384
120.6905461	23.73613373
120.6904717	23.73468655
120.6902009	23.73393428
120.6900192	23.7330648
120.6900207	23.73244174
120.6900819	23.73143956
120.6901131	23.73070821
120.6902318	23.73027501
120.6905272	23.729788
120.6909706	23.72894911
120.6910892	23.7285701
>	
120.7000763	23.84129934
120.7001065	23.8411188
120.7002165	23.8406269
120.7004414	23.84013748
120.7007281	23.8397317
120.7009125	23.83946117
>	
120.6971923	23.85236408
120.6970223	23.85180165
120.696932	23.85150349
120.6967639	23.85122775
>	
120.703562	23.85609217
120.7033151	23.85611653
120.7029775	23.85611588
120.702601	23.8560068
120.7024195	23.85587552
120.7023678	23.85570837
120.7024852	23.85550543
120.7025377	23.85528882
120.7024345	23.85501547
120.7020065	23.85471441
>	
120.7019725	23.8680692
120.7015315	23.86888102
120.7012292	23.86894763
>	
120.7012292	23.86894763
120.7013241	23.86908378
>	
120.7012292	23.86894763
120.7012065	23.86895263
120.7009832	23.87006284
120.7012158	23.87061184
120.7015111	23.87103229
120.7018497	23.87217971
120.7018747	23.8725861
120.7025065	23.87396208
120.7030059	23.87458609
120.7042117	23.87545526
120.7053009	23.87578242
120.7061191	23.87590362
120.7065014	23.87620233
120.7067619	23.87700195
120.7072283	23.87758976
>	
120.7069693	23.87721906
120.7072283	23.87758976
>	
120.7134954	23.88049104
120.7133926	23.88000099
120.7124233	23.87919329
120.711957	23.87856034
120.711747	23.87807461
120.7113707	23.87791814
120.7107999	23.87798931
120.7102277	23.87821623
120.7099804	23.87845505
120.7093168	23.87854184
120.7086764	23.87840067
120.7078379	23.87801983
120.7072283	23.87758976
>	
120.6996266	23.93438714
120.6999044	23.93365403
120.6999561	23.93232001
120.7001042	23.93155052
120.7010432	23.93010762
120.7010665	23.92985032
120.7010033	23.92950482
120.700225	23.92848522
120.6997454	23.92794702
120.6994116	23.92758519
120.6988685	23.92643737
120.6984571	23.92449972
120.6983059	23.92400731
120.698268	23.92328261
120.6983579	23.92263265
120.6988608	23.92179389
120.6989211	23.92119805
120.699365	23.92041335
120.6988355	23.92000598
120.6981584	23.91970668
120.6974762	23.91918839
120.6971133	23.9187204
120.6965861	23.91735815
120.6960185	23.91560077
120.6960202	23.91486035
120.6959276	23.91450124
120.6961631	23.91382223
120.6963457	23.9135833
120.69644	23.91312975
120.6961845	23.91274097
120.6961461	23.91132099
120.696355	23.91045231
120.6965657	23.90887706
120.6966994	23.9078028
120.6973752	23.90514491
120.6980165	23.90310323
120.6983316	23.90168168
120.69892	23.90009362
120.6995633	23.89883751
120.7007114	23.89680808
120.7015138	23.89579381
120.7022783	23.89486524
120.7024087	23.89465104
120.7034154	23.89291478
120.7045259	23.89134125
120.7048766	23.89022902
120.7050929	23.88974409
120.7055874	23.88935225
120.7057894	23.88878603
120.7056454	23.88819431
120.7058022	23.88777699
120.7057775	23.88726225
120.7055187	23.88679673
120.7055715	23.8863905
120.7062229	23.88496732
120.7076126	23.88272159
120.7078796	23.88188234
120.7077934	23.88093406
120.7074411	23.88036453
120.7065197	23.88033343
120.705664	23.87995029
120.705184	23.87925635
120.705187	23.87838499
>	
120.6994522	23.93669159
120.6994268	23.93641614
120.6992532	23.93579953
120.69915	23.93541783
120.69932	23.93497572
120.6996266	23.93438714
>	
120.6802359	23.98190221
120.6802359	23.98190204
>	
120.6802359	23.98190221
120.6802619	23.98187726
120.6805247	23.98073106
120.6807719	23.98068417
120.6816235	23.98079881
120.6822155	23.98084293
>	
120.6800624	23.98371661
120.6801229	23.98300566
120.6802359	23.98190221
>	
120.6814402	23.98517323
120.6807496	23.98444717
120.6804677	23.98409443
120.6800364	23.98372784
120.6796988	23.98348785
120.6795305	23.98327305
120.6795997	23.98285107
120.6799752	23.98215207
120.6802359	23.98190221
>	
120.6849193	23.98659127
120.6866286	23.9916987
>	
120.6832946	23.98710035
120.6832989	23.98648861
>	
120.6819757	23.98814053
120.6821519	23.98769393
120.6820558	23.98730546
120.6818281	23.98704088
120.6815111	23.98673096
120.6815137	23.98569032
120.6814627	23.98523648
>	
120.6829106	23.98994159
120.6830807	23.98956045
120.6826449	23.98865434
120.6827724	23.98801802
120.6830009	23.98776115
120.6832028	23.98747037
120.6832946	23.98710035
>	
120.6824155	23.9903943
120.6824549	23.99023862
120.6829106	23.98994159
>	
120.6826211	23.99136314
120.6826483	23.99088463
120.6827538	23.99028664
120.6829106	23.98994159
>	
120.6844067	23.99356325
120.6843587	23.99186109
120.6842168	23.98897361
120.6842183	23.98836413
120.6832946	23.98710035
>	
120.6865711	24.00316152
120.686574	24.00319105
>	
120.686574	24.00319105
120.6866199	24.00316613
120.6865328	24.00284992
120.6863612	24.00257869
120.6858026	24.00239921
120.6852734	24.00214304
120.6848411	24.0020496
120.6838403	24.00189404
120.6832584	24.00187478
120.6830642	24.00174797
120.6824807	24.00089347
120.6821413	24.00013429
120.6819484	23.99926255
120.6817375	23.99797089
120.6815368	23.99726166
120.6813565	23.99670372
120.6813996	23.9963652
120.6815565	23.99599532
120.6817299	23.9956819
120.6816668	23.99494135
120.6816678	23.99453503
120.6816825	23.99386688
120.6817057	23.99353509
120.6817714	23.99324854
120.6817075	23.99278113
120.6816957	23.99227997
120.681662	23.99157334
120.6817087	23.99094815
120.6817615	23.99064803
120.6816388	23.99044912
120.681402	23.99014163
120.6813129	23.98935362
120.6810799	23.98893326
120.6811196	23.98863537
120.6815841	23.98840834
120.6821839	23.9880326
120.6825288	23.98789562
120.6826184	23.98762492
120.6827136	23.98696371
120.6829454	23.98635244
120.6830285	23.98575892
120.6828857	23.98563898
120.6821707	23.98567362
120.682021	23.98558527
120.6819733	23.98512467
120.6819094	23.98470692
120.6818325	23.98425303
120.6817175	23.98344014
120.6818278	23.98233877
120.6819465	23.98165954
120.6824831	23.98016627
120.6829026	23.97974275
120.6836268	23.97883452
120.6838493	23.97839028
120.6840552	23.97779927
120.6839817	23.97725735
120.6836554	23.97642596
120.6836705	23.97560205
120.6845558	23.97505307
120.6846472	23.97493362
120.6846925	23.97364023
120.6840679	23.9725554
120.6838609	23.97212608
120.6834337	23.97139606
120.6831655	23.97082891
120.6832319	23.97024438
120.6826328	23.96934019
120.6822323	23.96874341
120.681842	23.96844237
120.6810137	23.96828038
120.6804725	23.96779843
120.6802121	23.96751572
120.6799928	23.96722406
120.6797023	23.96631147
120.6789247	23.96491253
120.678788	23.96415602
120.67887	23.96254216
120.6791683	23.96192652
120.6792371	23.96127654
120.6795628	23.96101536
120.6800814	23.96060334
120.6802657	23.95969626
120.6810501	23.9587972
120.6821704	23.95779498
120.6833905	23.95760111
120.683651	23.95736237
120.6836517	23.95708697
120.6840187	23.95679652
120.6845358	23.95636191
120.6849213	23.95589994
120.6854125	23.95554428
120.6860128	23.9546132
120.6869634	23.95384989
120.6874454	23.95341068
120.6883423	23.9520671
120.6886479	23.95062977
120.6892444	23.95027657
120.6900772	23.94990804
120.6906365	23.94975566
120.6914293	23.94974371
120.6922353	23.94973405
120.6926892	23.94968529
120.6930149	23.94938797
120.6932801	23.94856004
120.6934641	23.94770034
120.6938028	23.94734209
120.6942591	23.94679445
120.6943489	23.94635218
120.6946357	23.94555815
120.6952408	23.94489343
120.6958508	23.94420613
120.6965436	23.94361155
120.6968926	23.94338199
120.697248	23.94299893
120.6969603	23.94247013
120.6968433	23.94222385
120.6967016	23.9416976
120.6966767	23.94117157
120.6970234	23.94073207
120.6970687	23.94030099
120.696784	23.93979929
120.6966436	23.93866355
120.6966436	23.93728202
120.6968	23.93707917
120.6975689	23.93617321
120.6983797	23.93542987
120.6996266	23.93438714
>	
120.686574	24.00319105
120.6866092	24.00354309
120.6867224	24.00376229
120.687167	24.00410631
120.6874785	24.00433269
>	
120.6864299	24.0084367
120.6863424	24.00777963
120.6857075	24.00688215
120.6855	24.00663116
120.6854228	24.00629691
120.6854104	24.00604632
120.6853692	24.0054864
120.6853865	24.00521104
120.6855817	24.00515049
120.6859762	24.00477206
120.6860063	24.00413103
120.6858939	24.00363644
120.6861935	24.00339777
120.686574	24.00319105
>	
120.6884718	24.01209329
120.6885416	24.01257425
120.6887054	24.01322245
120.6888311	24.01365837
120.6886549	24.01410498
120.6885064	24.01489475
120.6886248	24.0154029
120.6889184	24.01591818
120.6891271	24.01631815
120.689541	24.01723774
120.6898908	24.01780053
120.690138	24.01778975
120.6903395	24.01799106
>	
120.6899076	24.01623621
120.6905971	24.01689676
>	
120.6903395	24.01799106
120.6902539	24.01824371
120.6893265	24.01856915
120.6889389	24.01889794
120.6887335	24.01922259
120.6885438	24.01955855
120.6884031	24.01993524
120.6884764	24.0205494
120.6884654	24.02112952
120.6884714	24.0215652
120.6886966	24.02233768
120.6887739	24.02261097
120.6889418	24.02305376
120.6894962	24.02374112
120.6896523	24.02375273
120.689785	24.02401259
120.6898748	24.0244665
120.6899097	24.0248413
120.6896623	24.02496044
120.6899465	24.02576012
120.6903222	24.02633425
120.6904897	24.02701631
120.6905795	24.02757632
120.6908243	24.02848653
120.6914594	24.02941785
120.6916933	24.02952667
120.6917408	24.02954773
>	
120.6908885	24.01836012
120.6903395	24.01799106
>	
120.6917116	24.01944531
120.6916539	24.01893052
120.6914363	24.01869983
120.6912934	24.0185799
120.6910881	24.01843953
120.6907485	24.01805284
120.6901654	24.01718031
120.69001	24.01689331
120.6896732	24.01638924
120.6892588	24.01566153
120.6891306	24.01488473
120.6891076	24.01364088
120.6889249	24.01323644
120.6887852	24.01251831
120.6886801	24.01203276
120.688604	24.01177301
120.6883886	24.0115062
120.6876042	24.01150009
120.6872406	24.01132102
120.6870673	24.01102721
120.6866918	24.00990001
120.6864413	24.00849993
>	
120.6901123	24.02171074
120.689723	24.02136458
120.6893762	24.02086951
120.6892618	24.02030719
>	
120.6892439	24.02187151
120.6895416	24.0224342
120.6896967	24.02281601
120.6898251	24.0235454
>	
120.6917263	24.02932583
120.6914615	24.02867292
120.6913389	24.02830021
120.6912888	24.02747617
120.6912583	24.02698626
>	
120.6917354	24.02954707
120.6917408	24.02954773
>	
120.6917408	24.02954773
120.6923076	24.0296182
120.6930749	24.02960845
>	
120.6889462	24.03356405
120.6892591	24.03324189
120.6894815	24.03269154
>	
120.6873112	24.03451108
120.6873327	24.0348565
120.6873804	24.03562635
120.6872751	24.03618822
>	
120.6892854	24.03527357
120.6894902	24.0344839
120.6899475	24.0336022
120.6900008	24.03309892
120.6901459	24.03220981
120.6902206	24.03181267
120.6906113	24.03153354
120.6918553	24.03100783
120.6923945	24.03063645
120.6932631	24.03014382
120.6929976	24.02979114
120.6923072	24.02979879
120.6917408	24.02954773
>	
120.6884335	24.03579554
120.6885967	24.03542115
120.6889434	24.03473336
120.6891075	24.03395265
120.6889462	24.03356405
>	
120.6872751	24.03618822
120.6875756	24.03561546
120.6877462	24.03500632
120.6880597	24.03442231
120.6884697	24.03410711
120.6889462	24.03356405
>	
120.6872751	24.03618822
120.6872994	24.03684516
120.6873634	24.03728774
120.6878818	24.03805178
120.6879334	24.03826859
120.6877688	24.03893192
120.6878526	24.03941517
120.6882156	24.03986964
120.6890986	24.04051704
120.6896051	24.04082732
120.6898644	24.04116194
120.6900125	24.04160016
120.6909375	24.04231085
120.6913885	24.04262101
120.6915562	24.04305251
120.6915502	24.04332338
120.6914572	24.04346315
120.69119	24.04365223
120.6910588	24.04393639
120.6909934	24.04398592
120.6908947	24.0442408
120.6906111	24.0444005
120.6903506	24.04450833
120.68999	24.04469947
120.6898686	24.045013
120.6895834	24.04561514
120.6892301	24.04592594
120.6885185	24.04624278
120.6881095	24.04649703
120.6873629	24.04706436
120.6866686	24.04745798
120.686015	24.04874785
120.6860069	24.04955145
120.6859632	24.05062135
120.6860486	24.05094432
120.6863638	24.05149351
120.68678	24.05200452
120.687217	24.05244334
120.6878009	24.05277637
120.6887684	24.05331785
120.6894786	24.05337346
120.6906928	24.05310504
>	
120.6935386	24.04396395
120.6935688	24.04366603
120.6935103	24.04339278
>	
120.6903539	24.04567313
120.6905248	24.04494661
>	
120.6906349	24.05253381
120.6906928	24.05310504
>	
120.6939433	24.05528541
120.6924993	24.05439086
120.6924085	24.05427104
120.6922458	24.05414655
120.6915789	24.05386756
120.6910173	24.05356845
120.6906928	24.05310504
>	
120.6971451	24.06319252
120.6977362	24.0627061
120.6975988	24.0624959
120.6967383	24.06244002
120.6962197	24.06249316
120.6956139	24.06230234
120.6950811	24.06205749
120.6940336	24.06210506
120.6926972	24.06182698
120.6924167	24.06172484
120.6920639	24.06147808
120.6913534	24.06147665
120.6911765	24.06120541
120.6911778	24.06066139
120.6920716	24.05824556
120.692459	24.05661653
120.6926406	24.05547467
>	
120.6961413	24.0634885
120.6958106	24.06495287
120.6958218	24.06574071
120.6959375	24.0663143
120.6961062	24.06684738
120.6958516	24.06704777
120.6951621	24.06708252
120.6944331	24.06723682
120.6938064	24.0681656
120.6935447	24.06881068
120.6942838	24.0698528
120.6947027	24.0705489
120.6953352	24.0711935
120.6963738	24.0718028
120.6975985	24.07192712
120.6987342	24.07224087
120.6997794	24.07244609
120.7002102	24.07246725
120.7021223	24.07263803
120.7030388	24.07283846
120.7052361	24.07348831
120.7063025	24.07395538
>	
120.7063025	24.07395538
120.707427	24.07412006
120.7082555	24.07428417
120.708995	24.07450454
>	
120.7063025	24.07395538
120.706723	24.07482075
120.7072422	24.07535899
120.7082216	24.07618706
120.7090926	24.07681626
120.7099703	24.07717007
120.7105553	24.07739692
120.711062	24.07772067
120.7117772	24.07790035
120.7123618	24.07828521
120.7127634	24.07875097
120.7132376	24.07883087
120.7134843	24.07916091
120.7136082	24.07948168
120.7136298	24.08027405
120.7136288	24.08070972
120.7138651	24.08109617
120.714181	24.08127058
120.7144158	24.08181955
120.7144208	24.08267284
120.7148218	24.08368714
120.7149239	24.08464445
120.7154948	24.08532497
120.7161948	24.08652267
120.7168311	24.0871085
120.717559	24.08745522
120.718183	24.08768437
120.7186507	24.08805543
120.7196908	24.08841626
120.7207185	24.08853778
120.7213565	24.0883719
120.7221382	24.08786994
120.7225163	24.08750042
120.7227507	24.08740603
120.7237127	24.0878141
120.724524	24.08857403
120.724875	24.08871462
120.7263646	24.08898817
120.7281145	24.08896421
120.7286147	24.08948203
120.7287498	24.09003983
120.7280498	24.0919912
120.727958	24.09240639
120.7275113	24.09353201
120.7271332	24.09470064
120.7270805	24.09507075
120.7273005	24.09561968
120.7280974	24.09702743
120.7284211	24.09782711
120.7283424	24.09811365
120.7272749	24.09925397
120.7266478	24.10044924
120.7265851	24.10137013
120.7269342	24.1026439
120.7273879	24.10347992
120.7281283	24.10411556
120.7287255	24.10482091
120.7294142	24.10526457
120.7307538	24.10565972
120.7310348	24.10595818
120.7311808	24.10668982
120.7310002	24.10836897
120.7309378	24.10996706
120.7308165	24.11156504
120.7306803	24.11263027
120.7300721	24.11423643
120.7303955	24.11521668
120.7308078	24.11600974
120.7313554	24.116408
120.7316664	24.11697288
120.7317415	24.11802042
120.7315454	24.11921872
120.7313897	24.11986405
120.7312534	24.12027239
120.7310072	24.12144126
120.7307321	24.12228276
120.7299627	24.12292023
120.7295719	24.12359223
120.7294082	24.12420819
120.729364	24.12467538
120.7293336	24.12499587
120.7292067	24.12658707
120.7287484	24.12783908
120.7271572	24.12926514
120.727124	24.13015673
120.727211	24.13086118
120.7274276	24.13120351
>	
120.7122744	24.07747239
120.7102337	24.07657237
>	
120.7296395	24.10006404
120.7292896	24.09939299
120.7289524	24.09885514
120.7288228	24.09859306
>	
120.7401063	24.12512971
120.741081	24.1248063
120.7424689	24.1244565
120.7445656	24.12391826
>	
120.7274276	24.13120351
120.7274465	24.13118666
>	
120.7274276	24.13120351
120.7276229	24.13151203
120.7296039	24.13264873
120.7300128	24.13305578
120.7306003	24.13390783
120.7311291	24.13451599
120.7315627	24.13484181
>	
120.7274276	24.13120351
120.7264425	24.13208554
120.7259598	24.1324323
120.725659	24.13311348
120.7256062	24.13344747
120.7256239	24.13387414
120.7258328	24.13416345
120.7264086	24.13435636
120.7268015	24.13452411
120.7270222	24.13477507
120.7273345	24.13482528
120.7275164	24.13495653
120.7280176	24.13500483
120.7292344	24.13503183
120.7305102	24.13490767
120.7315627	24.13484181
>	
120.7239422	24.1325009
120.7240735	24.13198647
120.7244453	24.13138669
120.7247655	24.13094934
120.7254428	24.13035011
>	
120.7235057	24.13250689
120.7235459	24.13200583
120.7236647	24.13141914
120.7240558	24.13090743
120.7246619	24.13053155
120.725448	24.13034109
120.7261732	24.13005571
120.7271443	24.12927641
>	
120.7315627	24.13484181
120.7318658	24.13509516
120.7321008	24.13566442
120.7322312	24.13620641
120.7322366	24.13725157
120.7320321	24.13823315
120.7319948	24.13871164
120.7319443	24.13935941
120.7321343	24.14030782
120.7323923	24.14150241
120.7327017	24.14293636
120.733464	24.14521083
120.7336557	24.14604412
120.7340295	24.14716892
120.7341092	24.14728644
120.7346769	24.14811813
120.7349012	24.14845035
120.7355241	24.14939499
120.7361349	24.15038928
120.7361365	24.15090621
120.7344006	24.15178356
120.733305	24.15277262
120.732874	24.15346487
120.7326047	24.15431541
120.7329983	24.15518066
120.7335126	24.15597839
120.7343831	24.15681512
120.7348763	24.15752027
120.7351752	24.15774878
120.7356505	24.1580566
120.736046	24.15851552
120.7361494	24.15884979
120.7360575	24.15925595
120.7358487	24.15948132
120.7356199	24.15977438
120.7350135	24.16040086
120.734427	24.1607091
120.7329945	24.16097071
120.732756	24.16126374
120.7324002	24.1619674
120.7319846	24.16252649
120.7312539	24.1629541
120.7295337	24.16376144
120.7289648	24.16418932
120.7287688	24.16452306
120.7285987	24.16487942
120.7284417	24.16526288
120.7283368	24.16562161
120.7282115	24.16612251
120.7282121	24.16642951
120.7278728	24.16671559
120.727375	24.16687723
120.7271976	24.16701235
120.7268124	24.1677927
120.726527	24.16851453
120.7262268	24.16932663
120.7261736	24.16988861
120.7261787	24.17025205
120.7263333	24.1710153
120.7265665	24.17150104
120.7266612	24.17194591
120.7266027	24.17267718
120.7264018	24.17335627
120.726086	24.17433313
120.7259217	24.17473012
120.7257978	24.17512042
120.7255357	24.17594387
120.7253913	24.17643345
120.7250967	24.17692727
120.7247824	24.17776191
120.7249248	24.1781098
120.7253661	24.17882617
120.7254823	24.1792801
120.7255143	24.179849
120.7254991	24.1801334
120.725432	24.18137706
120.7253921	24.18176073
120.725235	24.18216677
120.7249283	24.18261317
120.7240009	24.18394783
120.723479	24.1844006
120.7231771	24.1855716
120.7227845	24.18646705
120.7226781	24.1874217
120.7224556	24.18800594
120.7223498	24.18877098
120.7220364	24.18917673
120.7214862	24.19065653
120.7216788	24.19192324
120.7215074	24.19287777
120.7200273	24.19417302
120.7195233	24.19506147
120.7192605	24.19607678
120.7195061	24.19694856
120.7199276	24.19754075
120.7206499	24.19798903
120.7217298	24.19842215
120.722524	24.19852969
120.7232912	24.19902093
120.7236095	24.19924498
120.7238303	24.19947111
120.7238933	24.20000395
120.7239008	24.20018229
120.7240949	24.20073117
120.7241207	24.20088697
120.7241588	24.20135205
120.7239371	24.20194532
120.7234641	24.20337109
120.723461	24.20482705
120.7237451	24.205963
120.7237819	24.20750256
120.7236514	24.20898763
120.7236031	24.21032162
120.7238065	24.2116064
120.7239784	24.21256833
120.7244195	24.21328695
120.7251729	24.21429056
120.7261873	24.21498538
120.7267323	24.21592992
120.7268231	24.21612195
120.726744	24.21658682
120.7264447	24.21704451
120.7260465	24.21788126
120.7259493	24.21842284
120.7260304	24.21920628
120.7260957	24.22026507
120.7261768	24.22090855
120.7262581	24.22136242
120.726298	24.22196745
120.7259667	24.22275917
120.7255514	24.22419633
120.7255059	24.22619848
120.7255842	24.22816474
120.7257455	24.22982641
120.7261702	24.23138923
120.7261907	24.23207775
120.7262141	24.23286785
120.7263697	24.23320221
120.7265515	24.23353662
120.7267589	24.23394331
120.7267454	24.23421867
120.7264966	24.23481416
120.7263265	24.23513665
120.7262478	24.23539835
120.7263514	24.23572133
120.7262441	24.23713196
120.7261127	24.23769153
120.7259613	24.23828493
120.7258036	24.23890541
120.7253776	24.24023645
120.7249255	24.24183155
120.7248702	24.24330096
120.7249666	24.24365101
120.7251489	24.24423598
120.7253663	24.24553884
120.7257447	24.24620091
120.725913	24.24673846
120.7259876	24.24737966
120.7261954	24.24773895
120.7265468	24.24790662
120.7272762	24.24794405
120.7281384	24.24812392
120.7290833	24.24853643
120.7297475	24.24890556
120.7306498	24.2496024
120.7315916	24.25034221
120.7324238	24.2511563
120.7333084	24.25182828
120.7343021	24.2524598
120.7348166	24.25297085
120.7351326	24.25333934
120.7353151	24.25398976
120.7355361	24.25421813
120.7363322	24.25505246
120.7372915	24.25586901
120.7373693	24.25606101
120.7374165	24.25631391
120.7373214	24.25674038
120.7372581	24.25696374
120.7369554	24.2576833
120.7365339	24.25888345
120.7364806	24.25928967
120.7367282	24.25990409
120.7378017	24.26111586
120.7384255	24.26204694
120.7388336	24.26293702
120.7392491	24.26369167
120.740202	24.26462782
120.7409467	24.26542141
120.7421237	24.26629924
120.7425288	24.2667085
120.742868	24.26729597
120.7430768	24.26772972
120.7432454	24.26852232
120.7435711	24.26931518
120.7437967	24.26987537
120.7440371	24.27057328
120.744349	24.27096658
120.7448359	24.27160847
120.7450608	24.27184586
>	
120.7409388	24.25504909
120.7407797	24.25551608
120.740656	24.25588607
120.7404972	24.25625599
120.7404438	24.25656064
120.740285	24.25696442
>	
120.7450608	24.27184586
120.7464554	24.27286624
120.7471638	24.27351978
120.7479573	24.27509217
120.7481608	24.27527309
120.7484454	24.27550832
120.7487587	24.27569168
120.7491856	24.27600615
120.7497258	24.2767655
120.7500102	24.27705264
120.750437	24.27744611
120.7508352	24.27791628
120.7510397	24.27830487
120.7512614	24.27862351
120.7517167	24.27896285
120.7519968	24.27901749
120.7524006	24.27909489
120.7540003	24.27945189
120.7548995	24.27941722
120.7556031	24.27945447
120.7567894	24.2796505
120.75753	24.27991353
120.75813	24.28013796
120.7590022	24.2805592
120.7597396	24.28062357
120.7629249	24.28044348
120.7634331	24.28045781
120.7636439	24.2805552
120.7638306	24.28064353
120.7644965	24.28084772
120.7653228	24.28144492
>	
120.7450608	24.27184586
120.7456998	24.27313134
120.7464257	24.27426797
120.746897	24.27502721
120.747369	24.27594897
120.7474997	24.27609365
120.7480648	24.27643319
120.7490205	24.27708938
120.7496646	24.27758028
120.7498932	24.27780187
120.7500286	24.27807071
120.7498395	24.27840222
120.7498652	24.27870249
120.7501652	24.27956527
120.750489	24.27997889
120.7507737	24.28018928
120.7512074	24.28039992
120.751542	24.28086773
120.7519372	24.28160877
120.7522624	24.28196821
120.7533066	24.28251391
120.753593	24.2826453
120.7541269	24.2828719
120.7546129	24.28303069
120.7553093	24.28326432
120.7555461	24.28351977
120.755987	24.28389971
120.7562454	24.28436287
120.756482	24.28461606
120.7569983	24.28514058
120.7573032	24.28587695
120.7574176	24.28617509
120.7576118	24.28683228
120.7580517	24.2869955
120.7584067	24.28691706
120.7587852	24.28657004
120.7589961	24.28581418
120.7591824	24.28547362
120.759714	24.28465055
120.7601704	24.28454292
120.7606527	24.28446016
120.7609004	24.28442444
120.7612133	24.28434141
120.7615131	24.28425836
120.7619213	24.28429512
120.7625032	24.28445178
120.7632586	24.2847148
>	
120.7877778	24.27423651
120.7882208	24.27427324
120.79071	24.27402613
120.7923872	24.2742835
120.7932371	24.27466163
120.7940832	24.27518873
120.7952026	24.27591935
120.7964648	24.27704293
120.7970069	24.27723326
120.7981922	24.27759375
120.7992653	24.27778704
120.8001512	24.27798008
120.8013904	24.27833159
120.8027247	24.27878027
120.8039576	24.27931911
120.8050288	24.27993221
120.8059786	24.28043455
120.8071613	24.28116742
120.8088879	24.28228019
>	
120.780404	24.2756978
120.7816155	24.27572663
120.7830338	24.27578284
120.7844817	24.27581198
120.7856933	24.27578661
120.7866682	24.27592342
>	
120.7647517	24.28241468
120.7668147	24.28256684
>	
120.8073393	24.28529625
120.8089056	24.28524405
120.8107674	24.28524638
120.8122744	24.28541078
120.8135744	24.28560199
120.8146675	24.28582003
120.8160854	24.28625515
>	
120.8048235	24.28781219
120.8026372	24.28740305
120.8019576	24.28734799
120.8006875	24.28688584
120.8000602	24.28674732
120.7999489	24.28672235
120.7977323	24.28685485
120.7968617	24.28666859
120.7963845	24.28661152
120.7940544	24.28614789
120.792622	24.28541232
120.791559	24.28486912
120.7908496	24.28431059
120.7900445	24.28380159
120.7881976	24.28162524
120.7874171	24.28075283
120.7868704	24.28037961
120.7863945	24.28032477
120.7854693	24.28034604
120.7823742	24.28065992
120.7813473	24.28073068
120.7784528	24.28009445
120.7774721	24.27980182
120.7761364	24.27968022
120.7748921	24.27971225
120.7737303	24.27933129
120.7722775	24.27916208
120.7719206	24.2791322
120.7712225	24.27887382
120.7704541	24.27868305
120.7696201	24.27862084
120.7686298	24.27864417
120.7665318	24.27861613
120.7659195	24.27854296
120.7656215	24.27847478
120.7653467	24.27835472
120.7645474	24.27854535
>	
120.8224361	24.28853807
120.8245921	24.28948864
120.826807	24.29068303
120.8279756	24.2913909
120.8292115	24.29297917
120.8302511	24.29516766
120.8306212	24.29702809
120.8308722	24.29776199
120.8312303	24.29808293
120.8316732	24.29838138
120.8325001	24.29892405
120.833238	24.29965623
120.8345374	24.30047027
120.8350101	24.30060623
120.8354826	24.30095888
120.8358366	24.30144684
120.8363375	24.30263923
120.8365704	24.30545659
120.83651	24.30640459
120.8363313	24.30746081
>	
120.7949509	24.28899104
120.7932074	24.28890742
120.7918779	24.28866182
120.7905482	24.28855164
120.7901346	24.28844272
120.7883639	24.28692336
120.7872419	24.28635295
120.7865649	24.2861037
120.7861552	24.28615504
120.7854393	24.28624207
120.7844639	24.28634904
120.7840208	24.28624006
120.7833125	24.2856973
120.7826331	24.28550671
120.7819828	24.28561413
120.7813321	24.28588407
120.7801196	24.28639699
120.7789663	24.28682872
120.7781088	24.28712543
120.7774286	24.28736823
120.7766304	24.28755667
120.7756842	24.28779906
120.7750042	24.28796058
120.7744964	24.28801175
120.7740262	24.28805619
120.7736446	24.288094
120.7727287	24.2879572
120.7715771	24.28738663
>	
120.7738717	24.2891959
120.7730344	24.28934589
120.7720756	24.28960856
120.7708314	24.28971278
120.7695905	24.28982828
120.7684693	24.29003651
120.7669614	24.29038634
120.765956	24.29068276
120.7653356	24.29060054
120.7648336	24.29038306
120.7644965	24.29026516
120.7639229	24.29038391
120.7631798	24.29053851
120.7616123	24.29032387
120.7606085	24.28978054
120.7604613	24.28950943
120.7605219	24.28866982
120.7604948	24.28736957
120.760615	24.28634043
120.7607518	24.28569732
120.7606554	24.28522539
120.7605649	24.28489117
>	
120.8913888	24.29163229
120.8925421	24.29082048
120.8934292	24.29019809
120.8941389	24.2897381
120.8949079	24.28903435
120.8956769	24.28824934
120.8963574	24.28730173
120.8968899	24.2866249
120.8982803	24.28478388
120.8986945	24.28421531
120.8994931	24.28337612
120.9001143	24.28253681
>	
120.813283	24.29227196
120.8120121	24.29227039
120.8105637	24.29245821
120.8090569	24.29215836
>	
120.8583471	24.29824607
120.8616681	24.30045903
>	
120.8335292	24.30301541
120.8323191	24.30168678
120.8314333	24.30098153
>	
120.8763277	24.30366349
120.8767128	24.302797
120.8771274	24.30190345
120.8776898	24.30106418
120.8783704	24.3002521
120.8789324	24.29973789
>	
120.8305036	24.31113833
120.828438	24.30856269
120.8277299	24.30758674
120.8267868	24.30558119
120.8263152	24.30463258
120.8258728	24.3039278
120.8254307	24.30346229
120.8243984	24.30143405
120.8236324	24.29967247
120.8231604	24.29899473
120.821832	24.29788258
120.8207984	24.29723127
120.8199127	24.29658012
120.8163689	24.29459848
>	
120.471936	22.89110284
120.4715938	22.8896223
120.4713111	22.8889151
120.4709926	22.88822512
120.4703378	22.88740831
120.4699934	22.88702039
120.4695174	22.88634384
120.469104	22.88575645
120.4687117	22.88528694
120.4682468	22.88475207
120.46771	22.88444381
120.466929	22.88429637
120.4660234	22.88403264
120.4655557	22.88374142
120.4650564	22.88350802
120.4646821	22.883304
120.4643389	22.88312905
120.4638608	22.88293055
120.4631042	22.88250845
120.4626506	22.8822095
120.4624221	22.88182118
120.4623818	22.88143349
120.4624742	22.88034209
120.4627594	22.87935823
120.4630132	22.87840323
120.4631719	22.8777955
120.4633986	22.87730725
120.4635197	22.87678288
120.4635526	22.87637748
120.4636801	22.87574067
120.4636808	22.87556688
120.4637132	22.87527734
120.4638085	22.87494684
120.4637114	22.87479566
120.4634672	22.87423375
120.4633749	22.87385689
120.4632206	22.87336396
120.463066	22.87292896
120.4628787	22.87207583
120.462447	22.87136274
120.4617638	22.87023078
120.4614225	22.86956342
120.4609249	22.86892449
120.4600472	22.86827907
120.4595226	22.86784802
120.4590237	22.8675277
120.4587124	22.86720803
120.4584015	22.86680145
120.4580901	22.86648177
120.4578101	22.8661622
120.4574983	22.86595838
120.4572181	22.86569674
120.4569695	22.86531934
120.4567208	22.8649709
120.4564887	22.86455503
120.4563009	22.86435966
120.4559617	22.86403166
120.4555619	22.86363583
120.4550716	22.86311148
120.4543244	22.86238479
120.4536251	22.86169437
120.4527056	22.8607282
120.4516462	22.85991352
120.4508681	22.85909981
120.4500582	22.85840184
120.4494046	22.85773338
120.4483457	22.85677386
120.4468201	22.85532029
120.4458859	22.85447705
120.4450835	22.85368409
120.4446606	22.85336319
120.4441208	22.85315622
120.4434468	22.85266459
120.4427101	22.85185695
120.4418775	22.85089988
120.4412368	22.85021183
120.4405003	22.84937436
120.4398276	22.84865638
120.4391871	22.84793851
120.4384814	22.84742913
120.4377756	22.84694956
120.4371336	22.84658948
120.4365881	22.84625957
120.4359777	22.84604868
120.4353993	22.84586773
120.4346293	22.8453581
120.4337629	22.84481831
120.4329618	22.84404021
120.4315191	22.84284238
120.4303327	22.84188398
120.4294669	22.8412249
120.4286025	22.84020802
120.4274488	22.83916027
120.4265191	22.83838167
120.4259101	22.83784277
120.425495	22.83709584
120.4253033	22.83679697
120.424919	22.83637815
120.4240212	22.8356891
120.4226103	22.83461057
120.4216814	22.83365305
120.4213154	22.83307825
120.420983	22.83250803
120.4199835	22.83131466
120.4195719	22.83042511
120.4189961	22.82967758
120.4184201	22.82895986
120.4168506	22.82737381
120.4158896	22.82644595
120.4154414	22.82593741
120.4150892	22.8255485
120.4144807	22.8249201
120.4140964	22.82453106
120.4136162	22.82399258
120.4129749	22.82351315
120.4125587	22.82306435
120.4121102	22.82264526
120.4116793	22.82228359
120.4108615	22.82129887
120.4096137	22.81974375
120.4082378	22.81806888
120.4067969	22.81657266
120.4060155	22.81579662
120.4048455	22.81412036
120.4037899	22.81277464
120.4029272	22.81145945
120.4025432	22.81101075
120.402255	22.8107115
120.401776	22.80993445
120.4011858	22.80953852
120.4007321	22.80920623
120.4004712	22.80895685
120.400105	22.80852298
120.3997662	22.80814169
120.3994657	22.80762609
120.3991971	22.80691218
120.3993552	22.80639903
120.3994963	22.8058216
120.3995576	22.80531612
120.3995601	22.80472939
120.3995035	22.80389098
120.3994772	22.80302473
120.3994501	22.80232613
120.3994825	22.80182333
120.3995169	22.80084556
120.3998542	22.7995057
120.3998011	22.79788497
120.3994802	22.79545298
120.3990993	22.79299281
120.398774	22.79156664
120.398299	22.78994432
120.397792	22.78874098
120.3967125	22.78753548
120.3954213	22.7864968
120.3945796	22.78604657
120.3935576	22.78548389
120.3927458	22.7850617
120.3921755	22.7845566
120.3917554	22.78416384
120.3911181	22.78371169
120.3904988	22.78329726
120.3899528	22.78295553
120.3892319	22.78244985
120.3886608	22.78214032
120.3878795	22.78166235
120.3872781	22.78138064
120.3868275	22.78107157
120.386316	22.78090196
120.3859854	22.78070511
120.3854143	22.78039557
120.3850242	22.78003084
120.3844835	22.77966554
120.3841534	22.77935692
120.3835219	22.77899024
120.3830508	22.77867494
120.3826245	22.77835602
120.3815724	22.77708379
120.3805223	22.77607387
120.3798921	22.77551262
>	
120.6337952	23.61246266
120.6332232	23.61238162
120.6312216	23.61206393
120.630225	23.61194151
120.6280798	23.61113873
120.6273688	23.61091688
120.6269477	23.61054551
120.6267686	23.6102873
120.6266157	23.61009025
120.6261376	23.60958604
120.625882	23.60935532
120.6256328	23.60917059
120.6253256	23.60900972
120.6249112	23.60882849
120.624293	23.60862076
120.6228874	23.60813968
120.6214228	23.60752195
120.6205058	23.60708298
120.6199885	23.60671322
120.6195307	23.60624806
120.6189846	23.60559162
120.6183206	23.60473017
120.6177006	23.60404624
120.616917	23.60356663
120.6162362	23.60338753
120.615185	23.60328939
120.6149445	23.60325895
120.6140213	23.60316677
120.6139709	23.60316354
120.6134085	23.60301202
120.6127873	23.60275116
120.6121072	23.60234002
120.6112207	23.60162811
120.6105854	23.60110789
120.6095206	23.60058659
120.6084405	23.60021538
120.6076117	23.60002222
120.6066199	23.59986958
120.605658	23.59963512
120.6046962	23.59933242
120.6037939	23.59897528
120.6031433	23.59861877
120.6025673	23.59808502
120.6021545	23.59746981
120.601506	23.59644454
120.6008864	23.59565137
120.6005028	23.5951727
120.5997503	23.5942427
120.5994551	23.59391439
120.598953	23.59346271
120.5986141	23.59288862
120.5982902	23.59227362
120.5979661	23.59169957
120.5977904	23.59104401
120.59766	23.59010196
120.5975575	23.58971955
120.597381	23.58930966
120.5971302	23.5889951
120.5968943	23.58866694
120.5966582	23.58837972
120.5961862	23.58776433
120.5957882	23.58716278
120.5955229	23.58677995
120.5952871	23.58639719
120.5945495	23.5854672
120.5942991	23.58505711
120.5936502	23.58418194
120.5930308	23.58334779
120.5924108	23.58273201
120.5920119	23.58241706
120.5912729	23.58197838
120.5909477	23.58178645
120.590298	23.58119788
120.5887911	23.58004746
120.5868549	23.57888225
120.5859978	23.5783477
120.5850961	23.57785396
120.5842089	23.57744215
120.5833217	23.57705763
120.5827009	23.57668747
120.5821543	23.57630386
120.5819034	23.57603022
120.5815938	23.5756063
120.5812105	23.57505935
120.5808729	23.57413037
120.5805649	23.57321513
120.5803298	23.57264128
120.5800204	23.57213546
120.5797554	23.57167072
120.5794611	23.5710967
120.5791514	23.57071372
120.5787978	23.5701532
120.5785917	23.56978414
120.5782685	23.56896438
120.5780331	23.56851336
120.5778414	23.56826718
120.5773106	23.56756969
120.5770748	23.5672142
120.5767806	23.56661288
120.5764282	23.56571115
120.5758697	23.56439942
120.575429	23.56332003
120.5751358	23.56241846
120.5747403	23.56110717
120.574536	23.56016489
120.574479	23.55949598
120.5744822	23.55848604
120.5744405	23.55763975
120.5743685	23.55701174
120.5742368	23.55654735
120.5739132	23.55586406
120.5734713	23.5551941
120.5727056	23.55389543
120.5719841	23.55267877
120.5715867	23.55195433
120.5714549	23.55150359
120.571367	23.55123038
120.5712351	23.55080693
120.5711193	23.55000138
120.5711806	23.54937374
120.5712792	23.54863701
120.5718178	23.54689155
120.5729498	23.54476557
120.5744373	23.54253136
120.5762194	23.54010757
120.5794237	23.53759772
120.5814042	23.53622302
120.5825855	23.53541517
120.5828549	23.53523093
120.5834506	23.53461658
120.5839557	23.53409577
120.5846422	23.53384469
120.5857872	23.53321546
120.5875087	23.53216384
120.5884091	23.53166789
120.5893135	23.53123081
120.5901781	23.53086397
120.5921058	23.5301129
120.5938875	23.529295
120.5962843	23.52811235
120.5987755	23.52683257
120.5990916	23.52645501
120.5991036	23.52644066
>	
120.6247512	23.61648283
120.6250612	23.61695615
120.6253205	23.61740258
120.6256166	23.61798628
120.6259861	23.61891307
120.6264294	23.62008009
120.626947	23.62131587
120.6273903	23.62248289
120.6277963	23.62368411
120.6281647	23.62502241
120.6287156	23.62605426
120.6288681	23.62633224
120.6297833	23.62754777
120.6311967	23.62914256
120.6324456	23.63096595
120.6334829	23.63278215
120.6344472	23.63476567
120.6346795	23.63504642
120.63495	23.63537324
120.6356227	23.63618622
120.6371639	23.63827356
120.637228	23.63838081
120.6375185	23.63886668
120.6381097	23.63985546
120.6391046	23.64131448
120.6408568	23.64365367
120.641939	23.64517301
120.6439691	23.64779274
120.6440515	23.64781526
120.6447171	23.64834534
120.6457933	23.6490572
120.6464468	23.64944887
120.6469079	23.64980462
120.6472147	23.6503019
120.6475984	23.65079936
120.6481337	23.65142505
120.6489808	23.65227451
120.6497572	23.65305861
120.6499335	23.65316229
120.6499584	23.65325283
120.6502991	23.65361172
120.65069	23.65415949
120.6510029	23.65459777
120.6511895	23.65485931
120.6511455	23.65476593
120.6518739	23.65554079
120.6530031	23.65678203
120.6541474	23.657883
120.6542759	23.65800483
120.6550128	23.65890142
120.657074	23.6609183
120.6586935	23.66248675
120.6598232	23.6638317
120.661049	23.66477232
120.66437	23.66733572
120.6644612	23.66735457
120.6656428	23.66834937
120.6669146	23.66926485
120.6681863	23.6702455
120.6696706	23.67109621
120.6706603	23.67161988
120.6713411	23.67202009
120.6725877	23.67239883
120.673626	23.6725873
120.6743008	23.67268137
120.6749774	23.67320417
120.6754722	23.67363088
120.6756592	23.67365908
120.6758404	23.67404372
120.6758832	23.67410023
120.6760943	23.67437911
120.6782795	23.67625693
120.6805393	23.67818704
120.6827999	23.68031723
120.6852066	23.68258041
120.6860848	23.68411303
120.6875502	23.68704537
120.6885784	23.68964505
120.6889505	23.69171246
120.6895469	23.69524695
120.6901392	23.69778083
120.6899991	23.69898197
120.6906593	23.7004482
120.6911741	23.70191486
120.6916888	23.7033147
120.6918372	23.70404822
120.6927157	23.70558079
120.6934453	23.70631311
120.6945385	23.70711143
120.6949779	23.70791099
120.6952732	23.70897781
120.6957838	23.70944367
120.6972423	23.71070809
120.6976091	23.71150777
120.69754	23.71230849
120.6964561	23.71364513
120.6955163	23.71471458
120.6949398	23.71578321
120.6950912	23.71718385
120.6949495	23.7179847
120.6948904	23.71876602
120.6948144	23.71908619
120.6947992	23.7195848
120.6947	23.72047872
120.6944548	23.72150648
>	
